%YAML:1.0
---
width: 100
height: 200
fps: 300
